<?xml version="1.0" standalone="no"?>
<!DOCTYPE svg PUBLIC "-//W3C//DTD SVG 20010904//EN"
 "http://www.w3.org/TR/2001/REC-SVG-20010904/DTD/svg10.dtd">
<svg version="1.0" xmlns="http://www.w3.org/2000/svg"
 width="512.000000pt" height="512.000000pt" viewBox="0 0 512.000000 512.000000"
 preserveAspectRatio="xMidYMid meet">

<g transform="translate(0.000000,512.000000) scale(0.100000,-0.100000)"
fill="#000000" stroke="none">
<path d="M770 5107 c-49 -16 -123 -93 -138 -143 -9 -30 -12 -174 -12 -528 l0
-487 25 -24 c13 -14 36 -25 50 -25 14 0 37 11 50 25 l25 24 0 486 0 486 25 24
24 25 1739 0 c1698 0 1740 0 1763 -19 l24 -19 3 -1581 c2 -1758 6 -1659 -65
-1800 -46 -92 -144 -193 -228 -238 -120 -62 -140 -66 -395 -72 -214 -6 -239
-8 -275 -28 -51 -27 -79 -57 -104 -113 -18 -38 -21 -66 -21 -187 l0 -143
-1063 0 -1064 0 -21 -23 c-31 -33 -29 -80 4 -106 27 -21 30 -21 1081 -21
l1055 0 -6 -25 c-42 -168 -152 -307 -301 -381 -132 -65 -108 -64 -1166 -64
-927 0 -958 1 -980 19 l-24 19 -3 1735 -2 1736 -26 20 c-35 28 -69 26 -99 -4
l-25 -24 0 -1727 c0 -1331 3 -1736 12 -1768 16 -54 90 -128 144 -144 58 -17
3508 -18 3565 -1 50 16 105 61 132 112 l22 42 0 2395 0 2395 -22 42 c-27 51
-82 96 -132 112 -54 16 -3520 14 -3571 -2z m3505 -3839 c-15 -47 -99 -205
-143 -268 -63 -89 -508 -538 -611 -615 -76 -57 -229 -142 -289 -160 -19 -5
-14 5 28 60 60 80 90 136 121 230 20 62 23 95 26 285 2 118 9 227 14 241 17
44 45 49 250 49 222 0 293 12 414 70 44 22 105 59 135 84 30 24 56 45 58 45 2
1 0 -9 -3 -21z m70 -1055 c-11 -64 -4 -63 -479 -63 l-430 0 59 35 c120 73 197
140 456 402 211 212 278 288 327 362 34 52 63 99 64 105 6 24 8 -811 3 -841z"/>
<path d="M1605 4637 c-83 -33 -136 -80 -176 -157 -20 -37 -24 -60 -24 -135 0
-81 3 -95 29 -143 54 -98 131 -147 254 -162 83 -11 113 -27 150 -80 80 -118
-53 -280 -184 -225 -51 21 -73 42 -94 90 -22 51 -43 68 -81 67 -95 -3 -92
-116 6 -221 145 -154 396 -118 497 72 31 57 33 213 4 267 -56 104 -146 165
-257 176 -79 8 -130 35 -158 84 -59 106 14 230 135 230 66 0 111 -29 145 -95
32 -64 64 -83 106 -66 17 7 36 24 42 38 31 68 -78 220 -183 256 -57 19 -166
21 -211 4z"/>
<path d="M2271 4624 c-21 -27 -22 -28 -19 -520 3 -458 4 -495 21 -511 16 -16
38 -18 190 -18 168 0 173 1 229 28 65 32 121 89 152 156 20 44 21 60 21 356
l0 310 -34 63 c-34 63 -75 102 -141 138 -30 16 -62 19 -216 22 l-181 4 -22
-28z m369 -146 c18 -13 43 -36 54 -51 20 -27 21 -43 24 -300 3 -269 3 -272
-20 -316 -37 -69 -87 -91 -205 -91 l-93 0 0 390 0 390 104 0 c90 0 107 -3 136
-22z"/>
<path d="M3300 4633 c-63 -23 -152 -114 -173 -177 -9 -27 -17 -80 -17 -116 0
-54 6 -78 30 -128 52 -104 131 -156 258 -172 84 -11 113 -27 150 -81 20 -28
23 -43 20 -87 -6 -65 -29 -100 -91 -130 -37 -19 -55 -22 -88 -17 -50 9 -102
52 -122 103 -19 48 -37 63 -77 64 -69 2 -93 -68 -51 -150 52 -102 159 -167
276 -166 94 0 160 29 224 100 57 62 81 123 81 204 0 81 -24 142 -81 204 -56
62 -125 96 -210 103 -107 10 -169 70 -169 163 0 54 27 102 72 131 26 15 46 19
89 17 70 -5 110 -33 140 -97 31 -70 75 -88 123 -50 68 53 -7 204 -134 271 -58
30 -183 36 -250 11z"/>
<path d="M1112 3390 c-32 -30 -30 -82 4 -109 l27 -21 1417 0 1417 0 27 21 c34
27 36 79 4 109 -22 20 -27 20 -1448 20 -1421 0 -1426 0 -1448 -20z"/>
<path d="M2479 3117 c-59 -22 -100 -50 -129 -87 -46 -57 -713 -1221 -732
-1275 -22 -62 -22 -97 -3 -162 19 -65 85 -139 150 -169 l50 -24 745 0 745 0
50 24 c104 48 175 170 161 275 -7 52 -64 175 -102 221 -18 21 -35 30 -55 30
-35 0 -79 -39 -79 -69 0 -11 21 -61 46 -109 47 -89 47 -90 33 -133 -10 -29
-25 -51 -48 -66 l-34 -23 -717 0 -717 0 -34 23 c-23 15 -38 37 -47 64 -12 37
-11 46 6 85 39 87 684 1194 713 1223 25 25 37 30 79 30 42 0 54 -5 79 -30 16
-16 129 -203 251 -415 122 -212 233 -395 246 -407 34 -31 60 -29 96 7 24 24
29 36 24 56 -8 32 -447 795 -485 844 -61 78 -203 120 -292 87z"/>
<path d="M1112 3077 c-31 -33 -29 -80 4 -106 25 -20 39 -21 279 -21 240 0 254
1 279 21 34 27 36 77 3 107 -23 21 -30 22 -283 22 -259 0 -261 0 -282 -23z"/>
<path d="M3442 3077 c-31 -33 -29 -80 4 -106 25 -20 39 -21 279 -21 240 0 254
1 279 21 34 27 36 77 3 107 -23 21 -30 22 -283 22 -259 0 -261 0 -282 -23z"/>
<path d="M2530 2627 c-48 -24 -50 -43 -48 -315 3 -253 3 -254 27 -273 30 -24
72 -24 102 0 l24 19 0 266 c0 252 -1 266 -20 285 -28 27 -56 33 -85 18z"/>
<path d="M2513 1840 c-30 -27 -36 -55 -21 -87 16 -34 58 -50 95 -37 32 11 57
55 48 84 -10 31 -46 60 -75 60 -14 0 -36 -9 -47 -20z"/>
<path d="M1110 1060 c-30 -30 -27 -83 6 -109 25 -20 39 -21 279 -21 240 0 254
1 279 21 33 26 36 79 6 109 -19 19 -33 20 -285 20 -252 0 -266 -1 -285 -20z"/>
</g>
</svg>
