<?xml version="1.0" standalone="no"?>
<!DOCTYPE svg PUBLIC "-//W3C//DTD SVG 20010904//EN"
 "http://www.w3.org/TR/2001/REC-SVG-20010904/DTD/svg10.dtd">
<svg version="1.0" xmlns="http://www.w3.org/2000/svg"
 width="512.000000pt" height="512.000000pt" viewBox="0 0 512.000000 512.000000"
 preserveAspectRatio="xMidYMid meet">

<g transform="translate(0.000000,512.000000) scale(0.100000,-0.100000)"
fill="#000000" stroke="none">
<path d="M1910 5104 c-81 -17 -209 -80 -274 -134 -58 -48 -137 -143 -155 -187
l-13 -31 -158 -4 c-157 -3 -159 -3 -201 -33 -55 -39 -81 -90 -87 -175 l-5 -69
-216 -3 c-213 -3 -217 -3 -273 -31 -60 -29 -106 -78 -136 -144 -16 -36 -17
-157 -17 -1968 l0 -1930 27 -50 c33 -62 80 -108 138 -134 44 -20 59 -21 1316
-21 l1272 0 68 -42 c303 -183 678 -195 994 -32 495 256 696 852 455 1351 -159
328 -477 546 -842 578 l-83 7 0 1102 0 1101 -24 50 c-12 28 -42 67 -66 88 -74
68 -89 71 -336 75 l-222 4 -3 77 c-5 96 -30 139 -103 176 -46 23 -61 25 -190
25 l-141 0 -29 53 c-16 28 -64 86 -106 129 -60 59 -96 85 -161 116 -144 69
-285 87 -429 56z m334 -217 c100 -48 171 -118 224 -223 27 -55 49 -84 67 -92
17 -8 84 -12 190 -12 l165 0 0 -185 0 -185 -840 0 -840 0 0 185 0 185 163 0
c110 0 170 4 187 13 15 7 42 45 68 92 69 129 156 205 280 246 45 15 79 18 158
16 92 -3 108 -7 178 -40z m-1222 -676 c6 -86 31 -137 87 -176 l43 -30 869 -3
c592 -2 883 1 910 8 48 13 107 64 125 107 8 18 14 62 14 98 l0 65 201 0 c118
0 208 -4 220 -10 51 -28 49 13 49 -1153 l0 -1085 -69 -17 c-164 -40 -334 -137
-462 -265 -134 -133 -223 -283 -271 -457 l-23 -83 -387 0 c-222 0 -397 -4
-412 -10 -27 -10 -56 -56 -56 -89 0 -12 13 -35 29 -53 l29 -33 390 -3 389 -3
7 -79 c14 -172 82 -360 180 -500 l45 -65 -1142 -3 c-842 -2 -1149 1 -1170 9
-61 26 -57 -123 -57 1947 l0 1894 29 29 29 29 200 0 199 0 5 -69z m2866 -2367
c162 -33 311 -112 425 -227 104 -104 177 -229 219 -374 33 -113 33 -324 0
-437 -27 -95 -99 -237 -148 -295 l-36 -41 -55 50 c-112 103 -231 166 -380 201
-118 28 -321 23 -428 -11 -129 -41 -238 -105 -333 -194 l-53 -50 -25 30 c-38
46 -101 154 -128 220 -87 215 -71 498 41 703 119 219 332 378 573 426 91 18
237 18 328 -1z m12 -1310 c82 -24 198 -88 260 -142 l54 -49 -69 -41 c-39 -22
-113 -55 -165 -73 -222 -74 -499 -42 -691 82 l-50 32 28 29 c75 80 225 155
351 178 66 12 216 4 282 -16z"/>
<path d="M1985 4765 c-19 -18 -25 -35 -25 -65 0 -85 90 -121 151 -61 41 41 37
102 -10 138 -28 22 -89 16 -116 -12z"/>
<path d="M1495 3519 c-11 -6 -115 -106 -231 -221 l-211 -210 -52 65 c-70 86
-104 101 -160 72 -33 -17 -56 -64 -47 -99 8 -32 162 -214 197 -232 34 -17 86
-18 115 -1 46 26 513 495 520 521 18 72 -66 140 -131 105z"/>
<path d="M1889 3134 c-35 -37 -33 -98 4 -130 l28 -24 685 0 686 0 29 29 c17
18 29 40 29 56 0 33 -24 81 -45 89 -9 3 -326 6 -704 6 l-688 0 -24 -26z"/>
<path d="M1495 2589 c-11 -6 -115 -106 -231 -221 l-211 -210 -52 65 c-70 86
-104 101 -160 72 -33 -17 -56 -65 -47 -99 8 -33 162 -213 197 -231 34 -18 86
-19 115 -2 12 7 132 120 267 252 164 160 248 249 253 268 17 74 -66 141 -131
106z"/>
<path d="M1893 2206 c-22 -19 -28 -32 -28 -66 0 -34 6 -47 28 -66 l28 -24 685
0 686 0 29 29 c41 41 37 102 -10 138 -12 9 -179 12 -703 13 l-687 0 -28 -24z"/>
<path d="M1367 1353 l-218 -218 -26 30 c-84 99 -104 115 -144 115 -55 0 -89
-34 -89 -89 0 -36 9 -51 87 -142 95 -111 130 -134 191 -123 32 6 74 44 290
258 139 138 255 261 259 273 14 60 -28 113 -91 113 -39 0 -47 -7 -259 -217z"/>
<path d="M3605 1562 c-157 -54 -250 -188 -250 -357 0 -69 5 -90 32 -147 62
-131 173 -208 313 -216 125 -7 216 31 303 127 172 192 89 505 -157 591 -70 25
-173 26 -241 2z m205 -187 c35 -18 67 -54 85 -97 57 -138 -73 -286 -216 -248
-48 13 -107 64 -125 107 -66 158 104 316 256 238z"/>
</g>
</svg>
